INSTRUMENT ID,taken_on,Reading1,Temperature,Reading2,Reading3,Reading4,Reading5,Reading6,Reading_Ave,Load
A02,03/31/2025 12:00,5235.9900,-0.29,4927.5,5430.86,4780.79,5860.39,5360.73,5266.0433,846.4854
A02,03/28/2025 12:00,5236.1230,-0.48,4927.328,5431.318,4780.104,5860.349,5360.292,5265.9190,846.5296
A02,03/26/2025 12:00,5236.3550,-0.53,4926.978,5432.206,4781.555,5860.247,5360.984,5266.3875,846.3632
A02,03/24/2025 12:00,5236.9460,-0.76,4927.644,5431.309,4782.15,5860.981,5360.886,5266.6527,846.2690
A02,03/21/2025 12:00,5235.8130,-0.08,4926.922,5430.665,4780.459,5859.783,5359.2,5265.4737,846.6878
A02,03/19/2025 12:00,5234.9950,-0.04,4926.22,5430.444,4780.108,5859.082,5359.269,5265.0197,846.8490
A02,03/17/2025 12:00,5235.5610,-0.68,4926.894,5431.555,4780.727,5859.831,5360.088,5265.7760,846.5804
A02,03/14/2025 12:00,5235.0040,-0.65,4926.254,5431.798,4781.054,5860.183,5359.923,5265.7027,846.6064
A02,03/12/2025 12:00,5235.6130,-0.84,4926.731,5431.034,4780.915,5859.779,5361.352,5265.9040,846.5349
A02,03/10/2025 12:00,5234.8960,-0.84,4927.762,5431.693,4781.164,5859.993,5360.809,5266.0528,846.4820
A02,03/07/2025 12:00,5235.5680,-0.89,4926.205,5431.51,4781.283,5860.521,5360.411,5265.9163,846.5305
A02,03/05/2025 12:00,5234.7920,-0.87,4926.625,5431.637,4781.32,5860.744,5360.607,5265.9542,846.5171
A02,03/03/2025 12:00,5236.3960,-1.01,4926.351,5431.592,4782.69,5861.326,5360.919,5266.5457,846.3070
A02,02/28/2025 12:00,5234.5250,-1.11,4924.959,5431.26,4780.131,5859.872,5360.446,5265.1988,846.7854
A02,02/26/2025 12:00,5232.9320,-1.18,4923.172,5430.924,4779.667,5860.28,5360.791,5264.6277,846.9883
A02,02/25/2025 12:00,5232.5600,-1.44,4922.54,5431.75,4778.58,5859.86,5361.17,5264.4100,847.0656
A02,02/24/2025 12:00,5238.8160,-4.47,4927.19,5436.004,4782.923,5865.456,5367.383,5269.6287,845.2119
A02,02/21/2025 12:00,5240.6330,-4.58,4928.328,5434.878,4785.15,5865.789,5366.796,5270.2623,844.9868
A02,02/19/2025 12:00,5240.9500,-4.26,4928.27,5433.86,4784.69,5864.56,5365.93,5269.7100,845.1830
A02,02/18/2025 12:00,5240.5870,-4.12,4927.705,5433.165,4785.22,5864.165,5365.337,5269.3632,845.3062
A02,02/17/2025 12:00,5240.1920,-4.01,4927.556,5434.18,4783.998,5864.069,5365.49,5269.2475,845.3473
A02,02/14/2025 12:00,5239.7280,-3.86,4929.042,5433.561,4784.37,5864.713,5365.377,5269.4652,845.2700
A02,02/12/2025 12:00,5240.0070,-3.59,4927.415,5433.261,4783.806,5863.866,5364.967,5268.8870,845.4753
A02,02/10/2025 12:00,5239.0320,-3.46,4927.519,5433.574,4783.093,5863.966,5364.542,5268.6210,845.5698
A02,02/07/2025 12:00,5239.4670,-3.42,4928.088,5433.389,4783.711,5863.264,5364.486,5268.7342,845.5296
A02,02/05/2025 12:00,5239.3690,-3.33,4927.174,5433.138,4784.926,5863.308,5364.573,5268.7480,845.5247
A02,02/03/2025 12:00,5239.8880,-3.25,4928.423,5433.268,4784.354,5863.846,5364.243,5269.0037,845.4339
A02,01/31/2025 12:00,5240.9700,-2.93,4928.272,5433.825,4785.829,5864.212,5364.471,5269.5965,845.2233
A02,01/29/2025 12:00,5241.3370,-2.71,4930.894,5432.821,4786.873,5864.475,5364.237,5270.1062,845.0423
A02,01/27/2025 12:00,5240.2300,-2.16,4929.125,5433.217,4784.19,5864.461,5364.292,5269.2525,845.3455
A02,01/24/2025 12:00,5242.8990,-1.24,4931.295,5432.107,4787.12,5863.913,5364.186,5270.2533,844.9900
A02,01/22/2025 12:00,5243.9410,-1.23,4931.327,5431.558,4787.592,5864.901,5363.308,5270.4378,844.9245
A02,01/20/2025 12:00,5242.1660,-1.02,4929.543,5431.084,4785.693,5864.387,5362.792,5269.2775,845.3366
A02,01/17/2025 12:00,5241.1900,-0.67,4929.185,5432.609,4784.179,5863.139,5362.778,5268.8467,845.4897
A02,01/15/2025 12:00,5240.0190,-0.85,4930.706,5432.77,4784.708,5864.219,5362.95,5269.2287,845.3540
A02,01/13/2025 12:00,5239.0230,-0.53,4929.233,5432.92,4784.731,5862.7,5362.259,5268.4777,845.6207
A02,01/10/2025 12:00,5240.3990,-1.09,4929.328,5432.643,4787.259,5864.212,5362.765,5269.4343,845.2809
A02,01/08/2025 12:00,5243.1960,-1.00,4932.496,5432.872,4787.904,5865.808,5364.016,5271.0487,844.7075
A02,01/06/2025 12:00,5240.1730,-0.49,4931.298,5432.794,4785.829,5864.866,5362.788,5269.6247,845.2133
A02,01/03/2025 12:00,5239.7530,-0.88,4930.808,5433.142,4786.092,5865.898,5363.782,5269.9125,845.1111
A02,01/01/2025 12:00,5240.1630,0.26,4929.685,5433.943,4784.939,5864.212,5363.033,5269.3292,845.3183
A02,12/30/2024 12:00,5238.4470,0.65,4929.74,5433.229,4783.243,5864.147,5362.63,5268.5727,845.5870
A02,12/27/2024 12:00,5239.5420,0.05,4931.246,5432.824,4784,5864.198,5363.688,5269.2497,845.3465
A02,12/25/2024 12:00,5239.4530,-0.32,4930.757,5432.874,4784.854,5863.797,5362.533,5269.0447,845.4193
A02,12/23/2024 12:00,5239.4510,-0.48,4929.86,5433.299,4785.879,5864.813,5362.722,5269.3373,845.3154
A02,12/20/2024 12:00,5239.9470,0.10,4930.399,5433.364,4785.187,5864.949,5363.063,5269.4848,845.2630
A02,12/18/2024 12:00,5239.5880,-0.06,4930.163,5433.182,4784.439,5865,5363.891,5269.3772,845.3012
A02,12/16/2024 12:00,5239.2540,0.04,4932.167,5433.572,4785.297,5866.208,5363.694,5270.0320,845.0686
A02,12/13/2024 12:00,5240.0850,-0.34,4932.076,5433.299,4786.015,5865.399,5364.054,5270.1547,845.0251
A02,12/11/2024 12:00,5240.1250,-0.13,4931.112,5433.478,4784.814,5865.391,5363.604,5269.7540,845.1674
A02,12/09/2024 12:00,5240.1080,-0.23,4931.436,5433.457,4784.84,5865.659,5364.183,5269.9472,845.0988
A02,12/06/2024 12:00,5240.3370,-0.10,4931.675,5433.561,4785.581,5866.601,5364.292,5270.3412,844.9588
A02,12/04/2024 12:00,5239.7770,0.02,4932.883,5434.376,4785.443,5866.258,5365.204,5270.6568,844.8467
A02,12/02/2024 12:00,5240.4190,0.08,4932.879,5434.648,4785.522,5867.412,5365.418,5271.0497,844.7072
A02,11/29/2024 12:00,5240.1650,0.77,4931.707,5434.422,4786.205,5867.221,5365.669,5270.8982,844.7610
A02,11/27/2024 12:00,5239.4250,2.44,4930.483,5432.546,4786.878,5864.912,5364.417,5269.7768,845.1593
A02,11/25/2024 12:00,5239.2930,2.49,4929.917,5432.452,4785.334,5864.711,5363.576,5269.2138,845.3592
A02,11/22/2024 12:00,5237.5550,6.01,4927.705,5429.826,4784.57,5862.632,5361.113,5267.2335,846.0627
A02,11/20/2024 12:00,5236.0820,7.12,4926.504,5427.961,4781.604,5860.764,5359.293,5265.3680,846.7253
A02,11/18/2024 12:00,5239.1000,5.83,4929.24,5431.69,4784.71,5864.2,5362.96,5268.6500,845.5595
A02,11/17/2024 12:00,5236.6830,6.09,4929.071,5429.816,4782.406,5862.071,5361.062,5266.8515,846.1983
A02,11/15/2024 12:00,5238.0910,5.54,4928.445,5430.674,4784.629,5863.387,5362.096,5267.8870,845.8305
A02,11/13/2024 12:00,5238.8400,4.35,4930.803,5432.083,4785.368,5865.146,5364.015,5269.3758,845.3017
A02,11/11/2024 12:00,5236.7590,7.06,4927.062,5428.43,4782.813,5861.397,5360.075,5266.0893,846.4691
A02,11/08/2024 12:00,5237.5980,6.76,4927.955,5429.682,4783.904,5862.921,5361.664,5267.2873,846.0435
A02,11/06/2024 12:00,5235.3360,9.70,4925.66,5425.895,4781.967,5859.378,5358.152,5264.3980,847.0698
A02,11/04/2024 12:00,5236.4450,7.93,4927.465,5428.389,4782.928,5862.383,5361.192,5266.4670,846.3349
A02,11/01/2024 12:00,5238.9780,6.29,4929.737,5430.571,4785.871,5864.271,5363.307,5268.7892,845.5101
A02,10/30/2024 12:00,5233.5990,15.14,4923.108,5422.615,4779.153,5855.612,5354.397,5261.4140,848.1297
A02,10/28/2024 12:00,5238.2380,5.59,4929.086,5431.116,4784.222,5864.206,5362.938,5268.3010,845.6835
A02,10/25/2024 12:00,5236.0220,9.13,4926.36,5427.039,4782.482,5860.605,5359.451,5265.3265,846.7400
A02,10/23/2024 12:00,5236.3360,10.52,4926.688,5426.344,4782.894,5860.63,5359.929,5265.4702,846.6890
A02,10/21/2024 12:00,5236.8680,10.60,4926.609,5427.41,4782.786,5860.649,5359.636,5265.6597,846.6217
A02,10/18/2024 12:00,5238.7210,7.91,4929.06,5431.139,4784.302,5863.828,5363.034,5268.3473,845.6670
A02,10/16/2024 12:00,5240.3110,5.77,4931.095,5433.697,4785.521,5866.317,5365.372,5270.3855,844.9431
A02,10/14/2024 12:00,5238.6440,6.76,4929.672,5430.964,4784.935,5863.892,5363.249,5268.5593,845.5917
A02,10/11/2024 12:00,5238.0100,11.05,4927.595,5428.534,4783.766,5861.391,5360.943,5266.7065,846.2499
A02,10/09/2024 12:00,5238.2780,12.61,4927.371,5427.261,4783.912,5860.604,5360.258,5266.2807,846.4011
A02,10/07/2024 12:00,5238.7060,13.39,4926.8,5427.583,4784.875,5860.267,5359.798,5266.3382,846.3807
A02,10/04/2024 12:00,5236.4780,18.05,4923.714,5422.022,4782.315,5855.489,5354.561,5262.4298,847.7689
A02,10/02/2024 12:00,5238.4100,15.16,4925.103,5424.183,4784.232,5857.601,5357.471,5264.5000,847.0336
A02,09/30/2024 12:00,5236.6020,19.06,4922.558,5420.753,4782.858,5854.188,5353.946,5261.8175,847.9864
A02,09/27/2024 12:00,5235.2670,20.29,4921.632,5419.65,4781.75,5852.919,5352.741,5260.6598,848.3976
A02,09/25/2024 12:00,5235.3190,17.50,4922.346,5420.622,4781.841,5854.246,5354.236,5261.4350,848.1223
A02,09/23/2024 12:00,5236.7690,18.43,4922.396,5420.569,4783.141,5854.002,5353.834,5261.7852,847.9979
A02,09/20/2024 12:00,5235.1490,18.20,4920.992,5418.162,4781.959,5852.731,5352.371,5260.2273,848.5513
A02,09/18/2024 12:00,5233.6510,22.72,4918.388,5414.975,4779.338,5849.431,5349.241,5257.5040,849.5186
A02,09/16/2024 12:00,5232.6460,23.36,4917.769,5414.373,4778.399,5848.259,5348.812,5256.7097,849.8007
A02,09/13/2024 12:00,5232.2920,22.67,4918.032,5415.251,4778.007,5848.747,5349.463,5256.9653,849.7099
A02,09/11/2024 12:30,5233.1900,18.16,4920.45,5418.88,4779.54,5842.19,5352.75,5257.8333,849.4016
A02,09/10/2024 12:00,5233.3450,19.65,4920.243,5418.991,4779.089,5851.894,5352.57,5259.3553,848.8610
A02,09/09/2024 12:00,5232.9280,20.44,4919.823,5418.625,4778.73,5851.352,5352.065,5258.9205,849.0154
A02,09/06/2024 12:00,5236.0190,16.38,4922.785,5421.554,4782.737,5855.043,5355.403,5262.2568,847.8304
A02,09/04/2024 12:00,5232.8110,21.43,4918.998,5416.841,4778.841,5850.043,5350.864,5258.0663,849.3188
A02,09/02/2024 12:00,5234.6750,18.89,4921.226,5420.267,4781.087,5853.051,5353.681,5260.6645,848.3960
A02,08/30/2024 12:00,5233.2460,19.05,4919.769,5417.576,4779.741,5851.335,5351.899,5258.9277,849.0129
A02,08/28/2024 12:00,5235.0340,17.87,4920.845,5418.547,4782.176,5852.841,5353.209,5260.4420,848.4750
A02,08/26/2024 12:00,5227.6530,27.86,4911.163,5407.219,4773.791,5841,5341.708,5250.4223,852.0340
A02,08/23/2024 12:00,5228.3210,24.62,4913.408,5410.821,4773.832,5844.481,5345.432,5252.7158,851.2193
A02,08/21/2024 12:00,5228.9850,24.01,4914.124,5411.918,4774.034,5844.98,5346.367,5253.4013,850.9758
A02,08/19/2024 12:00,5232.5210,18.37,4918.536,5417.47,4779.062,5850.774,5351.895,5258.3763,849.2087
A02,08/16/2024 12:00,5231.3270,19.30,4917.347,5415.138,4778.278,5849.222,5350.042,5256.8923,849.7358
A02,08/14/2024 12:00,5226.2720,27.20,4910.454,5407.228,4771.431,5840.757,5341.999,5249.6902,852.2941
A02,08/12/2024 12:00,5226.9190,24.53,4911.762,5409.747,4771.819,5842.478,5343.858,5251.0972,851.7943
A02,08/09/2024 12:00,5227.2440,25.14,4910.534,5407.797,4772.565,5841.189,5342.411,5250.2900,852.0810
A02,08/07/2024 12:00,5225.9000,25.81,4908.797,5405.896,4771.539,5839.326,5340.892,5248.7250,852.6369
A02,08/05/2024 12:00,5225.1850,26.78,4907.383,5404.555,4770.826,5837.799,5339.859,5247.6012,853.0361
A02,08/02/2024 12:00,5220.6620,30.97,4901.886,5398.388,4765.842,5831.888,5334.153,5242.1365,854.9771
A02,07/31/2024 12:00,5220.8800,28.93,4902.6,5400.29,4766.38,5833.44,5335.59,5243.1967,854.6005
A02,07/29/2024 12:00,5221.1000,24.68,4905.76,5403.94,4767.2,5837.18,5339.16,5245.7233,853.7031
A02,07/26/2024 16:00,5213.9780,31.60,4897.062,5393.04,4757.152,5825.786,5326.957,5235.6625,857.2767
A02,07/26/2024 12:00,5219.6130,25.29,4903.098,5402.878,4764.406,5835.592,5337.94,5243.9212,854.3432
A02,07/25/2024 16:00,5215.5590,28.84,4899.714,5396.47,4759.715,5828.507,5329.606,5238.2618,856.3534
A02,07/24/2024 12:01,5222.2360,19.68,4906.878,5407.857,4767.689,5840.443,5342.97,5248.0122,852.8901
A02,07/22/2024 12:00,5217.2830,27.55,4898.917,5399.161,4762.176,5831.527,5334.758,5240.6370,855.5097
A02,07/19/2024 12:00,5215.6440,26.68,4897.382,5398.785,4760.333,5830.973,5334.186,5239.5505,855.8957
A02,07/17/2024 12:00,5215.7980,23.72,4898.767,5400.842,4761.556,5832.692,5335.53,5240.8642,855.4290
A02,07/15/2024 12:00,5212.4220,29.36,4893.354,5395.089,4756.856,5826.778,5330.744,5235.8738,857.2016
A02,07/12/2024 11:00,5212.8070,25.30,4895.279,5397.881,4757.495,5829.801,5333.386,5237.7748,856.5264
A02,07/10/2024 12:00,5211.8850,22.72,4895.756,5399.361,4756.823,5830.304,5334.207,5238.0560,856.4265
A02,07/08/2024 12:00,5209.8910,23.55,4894.308,5398.026,4754.672,5828.567,5332.178,5236.2737,857.0596
A02,07/05/2024 12:00,5211.7260,17.95,4897.095,5402.807,4756.925,5832.974,5336.614,5239.6902,855.8461
A02,07/03/2024 12:00,5209.8250,20.28,4895.098,5401.634,4754.224,5830.773,5335.298,5237.8087,856.5144
A02,07/01/2024 12:00,5209.1010,20.78,4894.289,5401.398,4753.338,5829.957,5334.734,5237.1362,856.7532
A02,06/28/2024 12:00,5210.0670,16.92,4895.76,5402.67,4754.794,5832.13,5336.453,5238.6457,856.2171
A02,06/26/2024 12:00,5206.5420,21.23,4891.47,5397.854,4750.856,5826.673,5331.33,5234.1208,857.8243
A02,06/24/2024 12:00,5206.0150,21.47,4890.835,5398.145,4750.21,5826.129,5331.327,5233.7768,857.9465
A02,06/21/2024 12:00,5202.5570,22.64,4887.623,5393.81,4746.228,5822.473,5327.504,5230.0325,859.2765
A02,06/19/2024 12:00,5198.8840,27.83,4882.835,5388.138,4741.832,5816.452,5321.985,5225.0210,861.0565
A02,06/17/2024 12:00,5196.9790,22.95,4884.004,5392.047,4739.667,5819.31,5325.121,5226.1880,860.6420
A02,06/14/2024 12:00,5198.1190,21.27,4884.07,5393.002,4740.831,5820.255,5325.979,5227.0427,860.3384
A02,06/12/2024 12:00,5195.4920,24.98,4880.467,5389.533,4737.505,5816.312,5323.265,5223.7623,861.5036
A02,06/10/2024 12:00,5198.1660,18.58,4884.311,5396.31,4740.771,5821.703,5329.036,5228.3828,859.8624
A02,06/07/2024 12:00,5200.7380,13.03,4887.958,5399.022,4744.527,5825.947,5331.565,5231.6262,858.7104
A02,06/05/2024 12:00,5194.6680,20.77,4881.47,5390.151,4738.188,5816.681,5322.576,5223.9557,861.4349
A02,06/03/2024 12:00,5192.4790,23.54,4877.612,5387.143,4734.922,5813.607,5320.757,5221.0867,862.4540
A02,05/31/2024 12:00,5191.6520,21.28,4876.959,5389.02,4734.121,5814.005,5321.745,5221.2503,862.3959
A02,05/30/2024 12:00,5191.2410,20.28,4877.567,5389.897,4733.043,5814.752,5322.724,5221.5373,862.2939
A02,05/29/2024 12:00,5190.6590,20.44,4877.299,5389.996,4732.78,5814.339,5322.507,5221.2633,862.3913
A02,05/28/2024 12:00,5191.4970,17.41,4878.992,5391.926,4733.8,5815.849,5324.504,5222.7613,861.8592
A02,05/27/2024 12:00,5191.8910,16.17,4880.188,5392.456,4735.076,5817.142,5324.71,5223.5772,861.5694
A02,05/26/2024 12:00,5187.6580,21.44,4875.354,5386.526,4729.558,5811.481,5319.567,5218.3573,863.4235
A02,05/25/2024 12:00,5192.9130,13.05,4881.081,5394.885,4736.633,5819.312,5326.629,5225.2422,860.9780
A02,05/24/2024 12:00,5188.3780,18.41,4876.458,5389.137,4730.386,5813.529,5321.861,5219.9582,862.8549
A02,05/23/2024 12:00,5187.4230,18.20,4875.991,5388.949,4730.393,5812.779,5321.128,5219.4438,863.0376
A02,05/22/2024 12:00,5187.2680,17.55,4876.523,5388.58,4730.785,5812.233,5320.175,5219.2607,863.1026
A02,05/21/2024 12:00,5183.4710,21.81,4872.214,5384.357,4725.309,5808.707,5316.982,5215.1733,864.5544
A02,05/20/2024 12:00,5187.1750,16.26,4875.972,5389.563,4730.024,5813.143,5321.394,5219.5452,863.0016
A02,05/19/2024 12:00,5183.4400,20.66,4871.895,5385.125,4725.887,5808.267,5317.003,5215.2695,864.5203
A02,05/18/2024 12:00,5186.1140,16.09,4874.79,5388.943,4728.717,5811.926,5320.516,5218.5010,863.3724
A02,05/17/2024 12:00,5183.4390,18.99,4871.433,5385.804,4724.945,5808.307,5317.429,5215.2262,864.5357
A02,05/16/2024 12:00,5182.2300,18.29,4871.096,5386.59,4723.867,5808.618,5318.78,5215.1968,864.5461
A02,05/15/2024 12:00,5181.1450,19.30,4870.071,5384.814,4722.379,5807.735,5317.063,5213.8678,865.0181
A02,05/14/2024 12:00,5181.8010,17.22,4870.872,5386.288,4723.05,5808.776,5318.292,5214.8465,864.6705
A02,05/13/2024 12:00,5181.2360,16.96,4869.757,5386.106,4722.777,5808.155,5317.61,5214.2735,864.8741
A02,05/12/2024 12:00,5185.5300,9.91,4875.575,5391.75,4728.29,5814.213,5322.731,5219.6815,862.9531
A02,05/11/2024 12:00,5180.2700,17.99,4869.62,5384.804,4722.617,5806.927,5315.846,5213.3473,865.2030
A02,05/10/2024 12:00,5180.7350,16.42,4870.13,5386.08,4723.074,5807.606,5316.93,5214.0925,864.9383
A02,05/09/2024 12:00,5180.9300,17.13,4869.334,5386.049,4723.183,5807.315,5317.152,5213.9938,864.9734
A02,05/08/2024 12:00,5181.9210,15.61,4870.105,5387.1,4724.113,5808.526,5318.029,5214.9657,864.6282
A02,05/07/2024 12:00,5178.1420,18.65,4867,5382.601,4719.929,5804.659,5313.963,5211.0490,866.0194
A02,05/07/2024 08:00,5184.8040,9.20,4875.073,5392.284,4729.074,5814.082,5323.375,5219.7820,862.9174
A02,05/07/2024 04:00,5183.3170,10.85,4874.771,5390.117,4728.41,5812.279,5321.253,5218.3578,863.4233
A02,05/07/2024 00:00,5180.7270,14.19,4871.789,5386.463,4725.476,5808.725,5317.477,5215.1095,864.5771
A02,05/06/2024 20:00,5176.0620,21.40,4866.712,5380.329,4719.06,5802.199,5310.805,5209.1945,866.6781
A02,05/06/2024 08:00,5185.2310,7.20,4876.376,5394.244,4729.013,5815.862,5324.679,5220.9008,862.5200
A02,05/06/2024 07:00,5184.7820,7.07,4876.849,5394.09,4729.268,5815.551,5324.872,5220.9020,862.5196
A02,05/06/2024 06:00,5185.0040,7.49,4875.722,5393.363,4729.15,5815.368,5324.133,5220.4567,862.6778
A02,05/06/2024 05:00,5184.3370,7.97,4875.57,5393.104,4729.062,5814.729,5323.706,5220.0847,862.8099
A02,05/06/2024 04:00,5184.1170,8.51,4875.117,5392.277,4728.195,5814.271,5323.065,5219.5070,863.0151
A02,05/06/2024 03:00,5183.3800,9.09,4875.322,5391.757,4728.204,5813.651,5322.422,5219.1227,863.1516
A02,05/06/2024 02:00,5182.8830,9.69,4874.663,5391.048,4727.278,5812.909,5321.908,5218.4482,863.3912
A02,05/06/2024 01:00,5182.1660,10.38,4874.305,5390.279,4727.228,5812.083,5321.324,5217.8975,863.5868
A02,05/06/2024 00:00,5181.8760,11.15,4873.254,5389.108,4726.516,5811.379,5320.205,5217.0563,863.8856
A02,05/05/2024 23:00,5181.5120,12.07,4872.494,5388.293,4725.753,5810.971,5319.163,5216.3643,864.1314
A02,05/05/2024 22:00,5180.2830,13.12,4871.545,5387.099,4724.312,5809.128,5317.967,5215.0557,864.5962
A02,05/05/2024 21:00,5179.7120,14.46,4870.559,5385.678,4723.657,5807.472,5316.75,5213.9713,864.9814
A02,05/05/2024 20:00,5178.7090,16.28,4869.534,5384.811,4721.286,5806.349,5314.788,5212.5795,865.4758
A02,05/05/2024 19:00,5176.6460,18.18,4867.876,5382.512,4718.899,5804.102,5312.619,5210.4423,866.2349
A02,05/05/2024 18:00,5175.3700,19.38,4865.338,5379.805,4717.152,5801.342,5310.217,5208.2040,867.0299
A02,05/05/2024 17:00,5174.9320,19.41,4864.33,5378.821,4716.073,5800.39,5309.509,5207.3425,867.3359
A02,05/05/2024 16:00,5175.2800,18.68,4864.286,5378.974,4716.154,5800.887,5310.147,5207.6213,867.2369
A02,05/05/2024 15:00,5176.3510,17.44,4865.338,5380.551,4717.388,5802.371,5311.866,5208.9775,866.7552
A02,05/05/2024 13:00,5180.1160,13.84,4869.28,5386.672,4722.332,5808.307,5318,5214.1178,864.9293
A02,05/05/2024 12:00,5181.5960,10.93,4871.501,5388.805,4724.453,5810.307,5321.082,5216.2907,864.1576
A02,05/05/2024 11:00,5181.8770,10.16,4872.324,5390.074,4725.716,5811.419,5321.13,5217.0900,863.8736
A02,05/05/2024 10:00,5183.0210,9.61,4873.17,5390.688,4726.042,5812.654,5321.838,5217.9022,863.5852
A02,05/05/2024 09:00,5183.2780,9.31,4873.134,5390.85,4726.951,5813.068,5322.184,5218.2442,863.4637
A02,05/05/2024 08:00,5183.1760,9.28,4874.32,5391.067,4727.002,5814.085,5322.093,5218.6238,863.3288
A02,05/05/2024 07:00,5182.9940,9.57,4873.5,5390.676,4727.957,5813.114,5321.734,5218.3292,863.4335
A02,05/05/2024 06:00,5182.7770,9.98,4873.616,5390.193,4727.007,5812.111,5321.114,5217.8030,863.6204
A02,05/05/2024 05:00,5182.1000,10.52,4873.28,5389.608,4725.652,5811.679,5320.437,5217.1260,863.8608
A02,05/05/2024 04:00,5182.0530,11.25,4872.248,5388.962,4725.505,5810.986,5320.629,5216.7305,864.0013
A02,05/05/2024 03:00,5181.4670,11.92,4871.679,5388.005,4725.673,5810.346,5319.84,5216.1683,864.2010
A02,05/05/2024 02:00,5181.5270,12.61,4871.082,5387.249,4723.919,5809.289,5318.191,5215.2095,864.5416
A02,05/05/2024 01:00,5180.8060,13.52,4870.54,5386.4,4723.819,5808.612,5317.938,5214.6858,864.7276
A02,05/05/2024 00:00,5180.9240,13.97,4869.957,5387.041,4723.699,5808.996,5317.691,5214.7180,864.7162
A02,05/04/2024 23:00,5180.4970,14.30,4870.058,5385.696,4723.246,5808.172,5317.027,5214.1160,864.9300
A02,05/04/2024 22:00,5179.3260,15.15,4869.804,5385.762,4722.599,5807.564,5316.26,5213.5525,865.1302
A02,05/04/2024 21:00,5178.8570,16.15,4869.45,5385.052,4722.09,5806.816,5315.369,5212.9390,865.3481
A02,05/04/2024 20:00,5176.9660,17.06,4868.098,5383.242,4720.125,5804.908,5313.356,5211.1158,865.9957
A02,05/04/2024 18:00,5173.9120,20.28,4864.63,5379.18,4716.082,5800.642,5309.416,5207.3103,867.3474
A02,05/04/2024 17:00,5172.9960,21.13,4863.286,5377.632,4714.659,5799.119,5308.167,5205.9765,867.8211
A02,05/04/2024 16:00,5172.7890,20.73,4862.815,5377.418,4714.07,5798.702,5308.097,5205.6485,867.9377
A02,05/04/2024 15:00,5173.0250,20.06,4862.981,5377.822,4714.09,5799.308,5308.703,5205.9882,867.8170
A02,05/04/2024 14:00,5174.0660,19.22,4863.498,5379.1,4715.059,5800.59,5310.134,5207.0745,867.4311
A02,05/04/2024 13:00,5175.3340,17.83,4864.809,5381.315,4716.423,5802.544,5312.213,5208.7730,866.8278
A02,05/04/2024 12:00,5177.5820,16.96,4866.504,5383.46,4719.029,5804.883,5314.332,5210.9650,866.0492
A02,05/04/2024 11:00,5179.9180,14.81,4868.963,5386.871,4721.838,5807.944,5317.408,5213.8237,865.0338
A02,05/04/2024 10:00,5180.9500,12.23,4870.824,5389.584,4723.778,5810.543,5319.212,5215.8152,864.3265
A02,05/04/2024 09:00,5182.6210,9.56,4872.746,5391.283,4725.485,5812.725,5322.107,5217.8278,863.6116
A02,05/04/2024 08:00,5183.4260,8.24,4874.485,5392.53,4726.6,5813.573,5322.837,5218.9085,863.2277
A02,05/04/2024 07:00,5182.7740,8.07,4874.332,5392.192,4726.609,5813.897,5322.413,5218.7028,863.3008
A02,05/04/2024 06:00,5182.4480,8.43,4873.902,5391.759,4727.042,5813.053,5322.147,5218.3918,863.4112
A02,05/04/2024 05:00,5182.3180,8.86,4873.595,5391.361,4726.333,5813.244,5321.55,5218.0668,863.5267
A02,05/04/2024 04:00,5181.7890,9.38,4873.83,5390.545,4725.742,5812.59,5321.626,5217.6870,863.6616
A02,05/04/2024 03:00,5181.2870,9.93,4873.507,5390.259,4725.507,5811.914,5320.509,5217.1638,863.8474
A02,05/04/2024 02:00,5180.9860,10.52,4872.563,5389.179,4724.213,5811.319,5319.915,5216.3625,864.1320
A02,05/04/2024 01:00,5180.0480,11.18,4872.125,5388.361,4723.723,5810.705,5318.816,5215.6297,864.3923
A02,05/04/2024 00:00,5179.8930,12.06,4871.165,5387.499,4723.292,5809.072,5317.76,5214.7802,864.6941
A02,05/03/2024 23:00,5178.4780,12.95,4869.879,5386.399,4721.909,5807.834,5316.643,5213.5237,865.1404
A02,05/03/2024 22:00,5178.7090,14.10,4870.108,5385.986,4721.061,5807.518,5316.278,5213.2767,865.2281
A02,05/03/2024 21:00,5177.2010,15.35,4869.316,5385.2,4720.475,5806.368,5315.092,5212.2753,865.5838
A02,05/03/2024 20:00,5176.2520,17.02,4867.393,5383.375,4718.422,5804.323,5313.08,5210.4742,866.2236
A02,05/03/2024 19:00,5174.7550,18.54,4865.609,5381.481,4716.227,5802.319,5311.251,5208.6070,866.8868
A02,05/03/2024 18:00,5174.3290,19.08,4864.066,5379.951,4714.923,5800.658,5309.97,5207.3162,867.3453
A02,05/03/2024 17:00,5175.0940,18.06,4864.07,5380.357,4715.466,5801.164,5311.006,5207.8595,867.1523
A02,05/03/2024 16:00,5176.7040,16.49,4865.521,5382.161,4717.073,5803.421,5313.258,5209.6897,866.5022
A02,05/03/2024 15:00,5178.9320,13.91,4868.044,5385.535,4719.783,5806.656,5316.702,5212.6087,865.4654
A02,05/03/2024 14:00,5178.9090,12.23,4869.502,5388.091,4721.485,5808.715,5318.641,5214.2238,864.8917
A02,05/03/2024 13:00,5179.7460,10.40,4870.354,5388.574,4722.206,5809.457,5318.868,5214.8675,864.6631
A02,05/03/2024 12:00,5180.4490,10.01,4870.814,5389.427,4723.362,5810.269,5319.771,5215.6820,864.3738
A02,05/03/2024 11:00,5180.9320,9.09,4872.527,5390.319,4723.838,5811.29,5320.716,5216.6037,864.0464
A02,05/03/2024 10:00,5181.4720,8.71,4873.084,5390.7,4724.821,5812.172,5321.61,5217.3098,863.7955
A02,05/03/2024 09:00,5181.3960,8.62,4872.543,5391.477,4725.596,5812.157,5321.498,5217.4445,863.7477
A02,05/03/2024 08:00,5181.9640,8.55,4873.449,5391.191,4725.046,5812.654,5321.765,5217.6782,863.6647
A02,05/03/2024 07:00,5181.6370,8.62,4873.549,5391.284,4724.934,5812.63,5322.095,5217.6882,863.6612
A02,05/03/2024 06:00,5181.8550,8.77,4873.137,5391.106,4725.402,5812.671,5321.802,5217.6622,863.6704
A02,05/03/2024 05:00,5182.0170,8.72,4873.018,5391.234,4725.5,5812.499,5321.58,5217.6413,863.6778
A02,05/03/2024 04:00,5181.4700,8.94,4873.758,5391.364,4725.479,5812.695,5321.535,5217.7168,863.6510
A02,05/03/2024 03:00,5181.8520,9.15,4873.237,5391.025,4724.71,5812.233,5321.274,5217.3885,863.7676
A02,05/03/2024 02:00,5182.0620,9.45,4872.658,5390.487,4724.436,5812.07,5321.015,5217.1213,863.8625
A02,05/03/2024 01:00,5180.9890,9.98,4872.658,5389.959,4724.586,5811.624,5320.678,5216.7490,863.9948
A02,05/03/2024 00:00,5180.8370,10.32,4872.447,5389.965,4724.348,5811.454,5320.145,5216.5327,864.0716
A02,05/02/2024 23:00,5180.1630,10.83,4872.329,5389.296,4723.821,5810.659,5319.617,5215.9808,864.2676
A02,05/02/2024 22:00,5179.8790,11.31,4871.44,5388.325,4723.562,5809.634,5318.749,5215.2648,864.5219
A02,05/02/2024 21:00,5179.5370,12.64,4870.296,5386.995,4721.782,5808.594,5317.21,5214.0690,864.9467
A02,05/02/2024 20:00,5177.2760,13.69,4869.398,5386.682,4720.485,5807.174,5315.588,5212.7672,865.4091
A02,05/02/2024 19:00,5177.0030,15.20,4868.722,5385.162,4719.451,5806.038,5314.841,5211.8695,865.7280
A02,05/02/2024 18:00,5175.6710,16.32,4867.393,5383.543,4717.78,5804.249,5313.391,5210.3378,866.2720
A02,05/02/2024 16:00,5172.5420,18.33,4863.785,5380.053,4713.654,5800.357,5310.074,5206.7442,867.5485
A02,05/02/2024 15:00,5173.1100,17.59,4864.019,5380.181,4713.842,5800.868,5310.659,5207.1132,867.4174
A02,05/02/2024 14:00,5172.8840,17.12,4863.428,5380.156,4713.554,5800.731,5310.522,5206.8792,867.5005
A02,05/02/2024 12:00,5177.3330,13.82,4866.533,5385.638,4718.167,5806.251,5316.417,5211.7232,865.7799
A02,05/02/2024 11:00,5179.1850,9.51,4870.732,5389.047,4720.274,5809.784,5319.474,5214.7493,864.7050
A02,05/02/2024 10:00,5181.0750,8.15,4871.531,5391.389,4722.629,5811.604,5321.905,5216.6888,864.0161
A02,05/02/2024 09:00,5182.4140,6.38,4874.265,5393.652,4724.64,5814.797,5323.998,5218.9610,863.2091
A02,05/02/2024 08:00,5182.6640,6.01,4874.488,5394.045,4725.122,5815.324,5324.043,5219.2810,863.0954
A02,05/02/2024 07:00,5182.8490,5.92,4874.514,5394.396,4725.994,5814.555,5324.23,5219.4230,863.0450
A02,05/02/2024 06:00,5182.4360,6.01,4875.194,5394.351,4725.625,5814.454,5324.042,5219.3503,863.0708
A02,05/02/2024 05:00,5182.5480,6.11,4874.366,5394.055,4725.399,5814.509,5324.216,5219.1822,863.1305
A02,05/02/2024 04:00,5182.4190,6.26,4874.2,5393.965,4725.73,5814.441,5324.18,5219.1558,863.1398
A02,05/02/2024 03:00,5182.0230,6.54,4874.14,5393.58,4725.346,5813.805,5324.228,5218.8537,863.2472
A02,05/02/2024 02:00,5182.2540,6.79,4874.093,5393.043,4724.92,5813.553,5323.275,5218.5230,863.3646
A02,05/02/2024 01:00,5181.6140,7.06,4873.577,5392.844,4724.931,5813.32,5322.956,5218.2070,863.4769
A02,05/02/2024 00:00,5181.8860,7.30,4873.5,5392.383,4724.438,5812.944,5322.697,5217.9747,863.5594
A02,05/01/2024 23:00,5181.2080,7.52,4873.309,5392.083,4723.949,5812.452,5322.251,5217.5420,863.7131
A02,05/01/2024 22:00,5180.8710,7.73,4873.251,5391.667,4723.18,5812.046,5321.667,5217.1137,863.8652
A02,05/01/2024 21:00,5180.3390,7.93,4872.145,5391.349,4723.226,5811.622,5321.421,5216.6837,864.0180
A02,05/01/2024 20:00,5180.3110,8.34,4872.241,5390.556,4722.263,5810.767,5320.323,5216.0768,864.2335
A02,05/01/2024 19:00,5179.9910,8.65,4870.808,5389.968,4721.642,5809.976,5319.659,5215.3407,864.4950
A02,05/01/2024 18:00,5179.1030,8.97,4870.482,5389.436,4721.07,5809.602,5319.535,5214.8713,864.6617
A02,05/01/2024 17:00,5179.8350,8.70,4870.444,5389.98,4721.067,5809.945,5319.975,5215.2077,864.5422
A02,05/01/2024 16:00,5179.8590,8.29,4871.147,5390.268,4721.494,5810.213,5320.409,5215.5650,864.4153
A02,05/01/2024 15:00,5179.5850,8.06,4871.327,5390.763,4721.724,5810.325,5320.667,5215.7318,864.3561
A02,05/01/2024 14:00,5179.7530,7.92,4871.663,5390.654,4722.209,5810.54,5320.736,5215.9258,864.2871
A02,05/01/2024 13:00,5180.5210,7.37,4872.164,5391.564,4723.021,5811.336,5321.756,5216.7270,864.0026
A02,05/01/2024 12:00,5181.2240,6.52,4873.312,5392.71,4723.676,5812.754,5322.9,5217.7627,863.6347
A02,05/01/2024 11:00,5181.7030,6.31,4873.586,5393.25,4723.99,5813.265,5323.431,5218.2042,863.4779
A02,05/01/2024 10:00,5182.4150,5.96,4873.848,5393.68,4725.009,5813.969,5324.416,5218.8895,863.2344
A02,05/01/2024 09:00,5182.6080,5.65,4874.55,5394.411,4725.424,5814.582,5324.23,5219.3008,863.0883
A02,05/01/2024 08:00,5183.1030,5.47,4874.369,5394.868,4725.311,5815.127,5324.609,5219.5645,862.9947
A02,05/01/2024 07:00,5183.6230,5.40,4875.156,5394.796,4726.345,5815.38,5325.37,5220.1117,862.8003
A02,05/01/2024 06:00,5183.3530,5.42,4876.087,5395.107,4726.896,5815.388,5325.047,5220.3130,862.7288
A02,05/01/2024 05:00,5182.8120,5.70,4874.905,5394.743,4725.646,5815.842,5324.78,5219.7880,862.9153
A02,05/01/2024 04:00,5182.7170,6.10,4874.56,5394.165,4725.648,5814.667,5324.272,5219.3382,863.0751
A02,05/01/2024 03:00,5182.0360,6.65,4874.07,5392.929,4725.274,5814.251,5323.189,5218.6248,863.3285
A02,05/01/2024 02:00,5182.0120,6.88,4874.254,5393.006,4724.652,5813.645,5323.245,5218.4690,863.3838
A02,05/01/2024 01:00,5182.1890,7.06,4873.889,5392.765,4724.818,5813.012,5323.024,5218.2828,863.4499
A02,05/01/2024 00:00,5181.3520,7.31,4873.926,5392.77,4724.069,5812.756,5322.397,5217.8783,863.5936
A02,04/30/2024 22:00,5180.6750,7.99,4873.462,5391.604,4723.615,5811.95,5321.624,5217.1550,863.8505
A02,04/30/2024 21:00,5180.6210,8.42,4872.422,5391.369,4723.87,5811.136,5320.586,5216.6673,864.0238
A02,04/30/2024 20:00,5179.5830,9.04,4872.178,5389.87,4722.057,5810.251,5319.813,5215.6253,864.3939
A02,04/30/2024 19:00,5178.4810,9.72,4870.976,5388.262,4720.7,5808.508,5318.193,5214.1867,864.9049
A02,04/30/2024 18:00,5177.0830,10.47,4869.252,5387.339,4719.515,5807.356,5317.217,5212.9603,865.3405
A02,04/30/2024 17:00,5176.4910,11.08,4867.816,5386.247,4718.321,5806.136,5315.88,5211.8152,865.7473
A02,04/30/2024 16:00,5177.2740,10.36,4868.853,5386.829,4720.254,5806.944,5317.57,5212.9540,865.3427
A02,04/30/2024 15:00,5178.0970,9.54,4869.061,5387.717,4719.033,5807.83,5318.292,5213.3383,865.2062
A02,04/30/2024 14:00,5178.3590,8.64,4869.725,5390.181,4720.345,5809.335,5319.292,5214.5395,864.7796
A02,04/30/2024 13:00,5178.8380,8.43,4869.942,5389.585,4719.891,5809.231,5319.15,5214.4395,864.8151
A02,04/30/2024 12:00,5179.9870,8.23,4870.055,5390.362,4721.182,5810.064,5320.991,5215.4402,864.4597
A02,04/30/2024 11:00,5181.6950,6.88,4872.037,5392.279,4722.614,5812.16,5322.72,5217.2508,863.8165
A02,04/30/2024 10:00,5181.5120,6.35,4873.412,5393.244,4723.149,5812.756,5322.677,5217.7917,863.6244
A02,04/30/2024 09:00,5181.8890,6.07,4873.579,5393.309,4724.054,5812.937,5322.927,5218.1158,863.5093
A02,04/30/2024 08:00,5181.4970,5.92,4874.303,5393.261,4724.897,5812.98,5323.152,5218.3483,863.4267
A02,04/30/2024 07:00,5181.4780,5.82,4873.859,5393.547,4724.109,5813.361,5323.531,5218.3142,863.4388
A02,04/30/2024 06:00,5181.7330,5.83,4873.808,5393.144,4724.009,5813.418,5323.177,5218.2148,863.4741
A02,04/30/2024 05:00,5181.7160,5.82,4873.788,5393.292,4723.87,5813.038,5322.908,5218.1020,863.5142
A02,04/30/2024 04:00,5181.3530,5.81,4874.099,5393.234,4723.862,5813.204,5322.932,5218.1140,863.5099
A02,04/30/2024 03:00,5181.3840,5.80,4873.83,5392.943,4724.388,5813.008,5322.884,5218.0728,863.5245
A02,04/30/2024 02:00,5181.3970,5.80,4873.234,5393.07,4723.769,5813.067,5322.884,5217.9035,863.5847
A02,04/30/2024 01:00,5181.5940,5.82,4873.219,5393.168,4724.086,5813.261,5322.842,5218.0283,863.5403
A02,04/30/2024 00:00,5181.3940,5.84,4873.629,5392.905,4723.914,5813.166,5322.559,5217.9278,863.5760
A02,04/29/2024 23:00,5180.9110,5.88,4873.413,5393.39,4723.398,5812.867,5322.582,5217.7602,863.6356
A02,04/29/2024 22:00,5181.2650,5.92,4873.411,5392.634,4723.64,5812.499,5322.738,5217.6978,863.6577
A02,04/29/2024 21:00,5181.0550,5.94,4872.896,5392.736,4723.589,5812.304,5322.328,5217.4847,863.7334
A02,04/29/2024 20:00,5180.9870,5.98,4873.076,5392.695,4723.579,5812.534,5322.239,5217.5183,863.7215
A02,04/29/2024 19:00,5180.9440,6.00,4872.78,5392.57,4723.896,5812.475,5322.655,5217.5533,863.7091
A02,04/29/2024 18:00,5181.4580,5.96,4872.861,5392.819,4723.82,5812.73,5323.263,5217.8252,863.6125
A02,04/29/2024 17:00,5181.3720,5.88,4873.128,5393.144,4723.932,5813.006,5323.165,5217.9578,863.5654
A02,04/29/2024 16:00,5181.8240,5.72,4874.079,5393.627,4724.273,5813.624,5323.183,5218.4350,863.3959
A02,04/29/2024 15:00,5182.5000,5.41,4874.048,5393.97,4724.61,5813.857,5324.221,5218.8677,863.2422
A02,04/29/2024 13:00,5181.8810,5.03,4874.164,5394.164,4724.584,5814.31,5323.985,5218.8480,863.2492
A02,04/29/2024 12:00,5182.3470,5.05,4874.249,5394.162,4725.245,5814.58,5323.95,5219.0888,863.1636
A02,04/29/2024 11:00,5182.3540,5.07,4874.509,5394.173,4725.358,5814.415,5324.363,5219.1953,863.1258
A02,04/29/2024 10:00,5182.9530,5.08,4874.273,5394.603,4725.572,5814.811,5324.598,5219.4683,863.0288
A02,04/29/2024 09:00,5182.7200,4.95,4874.712,5394.848,4726.226,5815.085,5324.6,5219.6985,862.9471
A02,04/29/2024 08:00,5183.1150,4.90,4874.641,5394.749,4725.705,5814.774,5324.97,5219.6590,862.9611
A02,04/29/2024 07:00,5183.4010,5.02,4874.618,5394.949,4726.181,5815.356,5325.208,5219.9522,862.8570
A02,04/29/2024 06:00,5183.0220,5.19,4874.699,5394.833,4726.848,5815.001,5325.314,5219.9528,862.8568
A02,04/29/2024 05:00,5183.4450,5.42,4874.706,5394.119,4725.596,5814.836,5324.146,5219.4747,863.0266
A02,04/29/2024 04:00,5182.8700,5.67,4874.414,5394.308,4725.833,5814.785,5324.408,5219.4363,863.0402
A02,04/29/2024 03:00,5182.7920,6.03,4874.333,5393.432,4725.797,5814.221,5323.465,5219.0067,863.1928
A02,04/29/2024 02:00,5182.1570,6.41,4874.144,5392.977,4726.053,5814.65,5323.011,5218.8320,863.2549
A02,04/29/2024 01:00,5181.8750,6.85,4874.022,5392.896,4725.315,5813.126,5322.811,5218.3408,863.4293
A02,04/29/2024 00:00,5180.9210,7.44,4873.385,5391.911,4724.008,5812.636,5322.106,5217.4945,863.7300
A02,04/28/2024 23:00,5180.4460,7.98,4872.307,5391.202,4724.237,5811.708,5321.535,5216.9058,863.9390
A02,04/28/2024 22:00,5180.0120,8.64,4872.977,5390.285,4723.158,5811.073,5320.163,5216.2780,864.1621
A02,04/28/2024 21:00,5179.1140,9.46,4872.189,5389.224,4722.047,5809.738,5319.088,5215.2333,864.5331
A02,04/28/2024 20:00,5177.8980,10.76,4870.049,5387.689,4720.225,5808.762,5317.799,5213.7370,865.0646
A02,04/28/2024 19:00,5176.5080,11.82,4868.502,5387.069,4718.798,5806.638,5316.173,5212.2813,865.5817
A02,04/28/2024 18:00,5176.1480,12.73,4867.759,5385.735,4717.238,5805.118,5315.555,5211.2588,865.9449
A02,04/28/2024 17:00,5175.5250,13.48,4866.026,5383.785,4715.854,5803.934,5314.339,5209.9105,866.4238
A02,04/28/2024 16:00,5175.0790,13.89,4865.879,5384.624,NAN,5804.262,5314.493,,
A02,04/28/2024 15:00,5175.0850,13.74,4866.559,5384.736,4716.552,5804.434,5314.918,5210.3807,866.2568
A02,04/28/2024 14:00,5176.1250,12.91,4867.036,5384.917,4716.526,5805.333,5315.747,5210.9473,866.0555
A02,04/28/2024 13:00,5176.5210,11.98,4867.313,5386.148,4718.618,5806.863,5317.417,5212.1467,865.6295
A02,04/28/2024 12:00,5177.5780,10.29,4868.234,5387.624,4718.757,5808.046,5318.571,5213.1350,865.2784
A02,04/28/2024 11:00,5179.2290,8.90,4869.361,5389.248,4720.381,5809.186,5319.387,5214.4653,864.8059
A02,04/28/2024 09:00,5181.2350,7.39,4871.955,5392.006,4723.864,5811.814,5321.968,5217.1403,863.8558
A02,04/28/2024 08:00,5181.2700,6.45,4874.017,5392.675,4723.938,5812.596,5322.527,5217.8372,863.6082
A02,04/28/2024 07:00,5181.1350,6.42,4873.123,5392.628,4724.222,5812.679,5322.836,5217.7705,863.6319
A02,04/28/2024 06:00,5181.1990,6.63,4872.726,5392.651,4725.185,5812.602,5322.185,5217.7580,863.6364
A02,04/28/2024 05:00,5180.8890,6.88,4873.041,5391.977,4724.092,5812.17,5321.981,5217.3583,863.7783
A02,04/28/2024 04:00,5180.8880,7.15,4872.347,5391.654,4724.049,5811.979,5321.6,5217.0862,863.8750
A02,04/28/2024 03:00,5180.5190,7.36,4872.629,5391.706,4723.861,5811.738,5321.237,5216.9483,863.9240
A02,04/28/2024 02:00,5180.1450,7.64,4872.983,5391.471,4723.59,5811.657,5321.291,5216.8562,863.9567
A02,04/28/2024 01:00,5179.8950,8.05,4871.999,5390.736,4722.813,5811.376,5320.307,5216.1877,864.1941
A02,04/28/2024 00:00,5179.0680,8.54,4871.374,5389.895,4721.775,5810.256,5319.52,5215.3147,864.5042
A02,04/27/2024 23:00,5178.4330,9.22,4870.102,5389.061,4720.264,5809.168,5319.002,5214.3383,864.8510
A02,04/27/2024 22:00,5177.4740,10.13,4868.867,5388.74,4719.311,5808.33,5318.187,5213.4848,865.1542
A02,04/27/2024 21:00,5178.3660,10.66,4868.859,5388.699,4719.867,5808.126,5318.21,5213.6878,865.0821
A02,04/27/2024 20:00,5177.6590,10.99,4869.012,5388.259,4718.986,5807.69,5317.866,5213.2453,865.2393
A02,04/27/2024 19:00,5177.6790,10.83,4868.112,5388.245,4718.823,5807.761,5318.064,5213.1140,865.2859
A02,04/27/2024 18:00,5178.7420,10.31,4869.054,5388.079,4719.283,5808.123,5318.662,5213.6572,865.0930
A02,04/27/2024 17:00,5178.7020,8.90,4869.573,5389.049,4719.81,5808.738,5319.25,5214.1870,864.9048
A02,04/27/2024 16:00,5178.9460,8.32,4870.153,5390.188,4720.304,5809.181,5319.359,5214.6885,864.7266
A02,04/27/2024 15:00,5178.9880,8.10,4869.446,5390.65,4720.456,5809.754,5319.956,5214.8750,864.6604
A02,04/27/2024 14:00,5179.4160,7.50,4870.837,5390.475,4721.436,5810.208,5320.241,5215.4355,864.4613
A02,04/27/2024 13:00,5180.1060,7.19,4870.317,5391.044,4721.379,5810.521,5320.854,5215.7035,864.3661
A02,04/27/2024 12:00,5180.3330,6.92,4871.705,5391.252,4722.985,5810.975,5321.723,5216.4955,864.0848
A02,04/27/2024 11:00,5180.2590,6.55,4871.582,5392.303,4722.314,5811.957,5322.546,5216.8268,863.9671
A02,04/27/2024 10:00,5181.0940,6.21,4874.737,5392.518,4723.883,5812.521,5322.501,5217.8757,863.5946
A02,04/27/2024 09:00,5181.5400,5.87,4873.276,5393.354,4723.88,5813.168,5323.294,5218.0853,863.5201
A02,04/27/2024 08:00,5181.8330,5.73,4873.52,5393.409,4724.512,5813.044,5323.35,5218.2780,863.4517
A02,04/27/2024 07:00,5182.1920,5.70,4873.469,5393.785,4724.853,5813.149,5323.332,5218.4633,863.3858
A02,04/27/2024 06:00,5182.2470,5.79,4873.639,5393.4,4725.749,5813.139,5323.332,5218.5843,863.3428
A02,04/27/2024 05:00,5182.0640,5.84,4873.52,5393.783,4725.889,5813.256,5323.522,5218.6723,863.3116
A02,04/27/2024 04:00,5182.0300,6.07,4873.5,5393.213,4724.665,5813.086,5323.123,5218.2695,863.4547
A02,04/27/2024 03:00,5181.8240,6.57,4873.354,5393.269,4724.282,5813.234,5323.756,5218.2865,863.4486
A02,04/27/2024 02:00,5182.2820,6.93,4873.452,5393.343,4724.986,5813.22,5323.308,5218.4318,863.3970
A02,04/27/2024 01:00,5181.8400,7.12,4873.13,5393.396,4724.722,5813.685,5323.282,5218.3425,863.4287
A02,04/27/2024 00:00,5182.0970,7.30,4873.278,5392.936,4724.523,5812.761,5322.824,5218.0698,863.5256
A02,04/26/2024 23:00,5180.7700,7.68,4873.169,5392.591,4724.609,5812.185,5322.104,5217.5713,863.7027
A02,04/26/2024 22:00,5180.5620,8.53,4872.341,5391.442,4723.863,5811.778,5321.399,5216.8975,863.9420
A02,04/26/2024 21:00,5179.8760,9.49,4872.499,5390.355,4723.308,5810.139,5319.914,5216.0152,864.2554
A02,04/26/2024 20:00,5178.4530,10.82,4870.911,5388.617,4720.955,5808.478,5318.26,5214.2790,864.8721
A02,04/26/2024 19:00,5176.4150,12.47,4868.372,5386.556,4718.904,5806.056,5316.823,5212.1877,865.6149
A02,04/26/2024 18:00,5174.3210,13.85,4866.521,5383.968,4716.233,5803.175,5314.343,5209.7602,866.4772
A02,04/26/2024 17:00,5173.9090,14.86,4864.386,5382.872,4714.67,5801.279,5312.354,5208.2450,867.0154
A02,04/26/2024 16:00,5173.7360,15.11,4863.355,5381.803,4714.128,5800.769,5311.628,5207.5698,867.2552
A02,04/26/2024 15:00,5173.4870,14.38,4864.14,5382.158,4714.387,5800.728,5312.459,5207.8932,867.1403
A02,04/26/2024 14:00,5175.0490,13.70,4864.516,5383.679,4715.288,5802.468,5313.961,5209.1602,866.6903
A02,04/26/2024 13:00,5175.6030,12.52,4865.684,5385.999,4716.526,5804.609,5315.634,5210.6758,866.1519
A02,04/26/2024 12:00,5177.0690,11.06,4866.305,5388.388,4718.393,5806.876,5318.646,5212.6128,865.4639
A02,04/26/2024 11:00,5179.9350,9.13,4869.23,5391.538,4721.723,5810.257,5322.189,5215.8120,864.3276
A02,04/26/2024 10:00,5183.0690,6.82,4874.186,5395.142,4725.162,5814.442,5324.662,5219.4438,863.0376
A02,04/26/2024 09:00,5184.5640,4.09,4875.463,5396.436,4726.231,5815.958,5326.731,5220.8972,862.5213
A02,04/26/2024 08:00,5184.8490,3.04,4875.537,5397.241,4728.374,5816.253,5327.196,5221.5750,862.2806
A02,04/26/2024 07:00,5184.3390,3.01,4877.063,5396.63,4728.417,5816.519,5327.083,5221.6752,862.2450
A02,04/26/2024 06:00,5184.3360,3.36,4876.555,5396.236,4727.76,5815.888,5326.232,5221.1678,862.4252
A02,04/26/2024 05:00,5183.9250,3.76,4874.466,5395.978,4726.7,5816,5326.35,5220.5698,862.6376
A02,04/26/2024 03:00,5183.2230,4.73,4874.256,5394.724,4727.308,5814.824,5324.94,5219.8792,862.8829
A02,04/26/2024 02:00,5182.8330,5.31,4874.078,5394.122,4726.289,5814.238,5324.513,5219.3455,863.0725
A02,04/26/2024 01:00,5182.3960,5.99,4873.715,5393.236,4726.504,5813.25,5323.37,5218.7452,863.2857
A02,04/26/2024 00:00,5181.6250,6.77,4872.911,5392.272,4725.314,5812.082,5322.745,5217.8248,863.6126
A02,04/25/2024 23:00,5180.6850,7.67,4873.935,5391.459,4724.091,5810.943,5320.913,5217.0043,863.9041
A02,04/25/2024 22:00,5179.6760,8.79,4871.971,5390.29,4722.764,5809.516,5320.091,5215.7180,864.3610
A02,04/25/2024 21:00,5178.1310,10.26,4870.489,5387.911,4721.366,5807.381,5317.858,5213.8560,865.0223
A02,04/25/2024 20:00,5176.1750,12.20,4867.468,5385.841,4718.711,5805.525,5316.271,5211.6652,865.8005
A02,04/25/2024 19:00,5174.4580,14.09,4865.804,5384.211,4716.415,5803.082,5313.439,5209.5682,866.5454
A02,04/25/2024 18:00,5173.2790,15.11,4864.051,5382.807,4715.075,5800.792,5312.318,5208.0537,867.0833
A02,04/25/2024 17:00,5173.2680,15.22,4863.723,5382.178,4714.119,5799.863,5311.914,5207.5108,867.2762
A02,04/25/2024 16:00,5173.8680,14.52,4863.521,5381.621,4714.058,5800.208,5312.57,5207.6410,867.2299
A02,04/25/2024 15:00,5174.5050,13.63,4863.333,5383.15,4714.297,5801.82,5313.857,5208.4937,866.9270
A02,04/25/2024 14:00,5175.4330,12.48,4864.333,5383.663,4715.085,5802.499,5315,5209.3355,866.6280
A02,04/25/2024 13:00,5176.4170,11.45,4865.268,5386.348,4717.22,5805.341,5316.499,5211.1822,865.9721
A02,04/25/2024 12:00,5178.3210,10.13,4867.252,5389.607,4719.812,5807.601,5319.858,5213.7418,865.0629
A02,04/25/2024 11:00,5180.5000,8.65,4869.774,5392.561,4722.226,5810.261,5321.708,5216.1717,864.1998
A02,04/25/2024 10:00,5183.3390,6.45,4872.055,5394.452,4724.782,5812.674,5324.193,5218.5825,863.3435
A02,04/25/2024 09:00,5182.7990,3.38,4873.84,5395.968,4725.709,5815.202,5325.781,5219.8832,862.8815
A02,04/25/2024 08:00,5183.8050,2.54,4875.836,5396.213,4726.566,5815.997,5326.629,5220.8410,862.5413
A02,04/25/2024 07:00,5183.4800,2.55,4876.077,5396.52,4727.356,5816.525,5326.123,5221.0135,862.4800
A02,04/25/2024 06:00,5183.4650,2.77,4876.193,5396.074,4727.486,5816.396,5326.123,5220.9562,862.5004
A02,04/25/2024 05:00,5183.2060,3.11,4875.423,5395.521,4726.355,5815.359,5325.464,5220.2213,862.7614
A02,04/25/2024 04:00,5183.3800,3.51,4875.301,5395.141,4726.975,5815.881,5325.541,5220.3698,862.7086
A02,04/25/2024 03:00,5183.1590,3.95,4875.388,5394.711,4726.122,5815.747,5324.97,5220.0162,862.8343
A02,04/25/2024 02:00,5182.7730,4.44,4874.209,5394.289,4725.722,5815.228,5324.662,5219.4805,863.0245
A02,04/25/2024 01:00,5182.1490,5.00,4873.528,5393.417,4726.172,5813.777,5324.176,5218.8698,863.2414
A02,04/25/2024 00:00,5181.5510,5.63,4874.648,5393.149,4724.804,5812.96,5322.496,5218.2680,863.4552
A02,04/24/2024 23:00,5181.2960,6.35,4872.739,5392.113,4724.939,5811.646,5322.411,5217.5240,863.7195
A02,04/24/2024 22:00,5180.1970,7.28,4872.863,5390.959,4724.086,5810.747,5320.262,5216.5190,864.0765
A02,04/24/2024 21:00,5178.6440,8.45,4870.55,5389.28,4721.313,5808.989,5318.642,5214.5697,864.7689
A02,04/24/2024 20:00,5176.9760,10.26,4868.513,5387.046,4719.549,5806.911,5316.284,5212.5465,865.4875
A02,04/24/2024 19:00,5175.6430,11.85,4865.698,5385.406,4717.12,5804.038,5314.912,5210.4695,866.2252
A02,04/24/2024 18:00,5175.8490,12.47,4864.436,5384.247,4716.411,5802.651,5313.971,5209.5942,866.5362
A02,04/24/2024 17:00,5174.9940,12.39,4864.563,5383.782,4715.426,5802.35,5314.143,5209.2097,866.6727
A02,04/24/2024 16:00,5176.0460,11.82,4864.421,5384.407,4716.4,5803.204,5314.942,5209.9033,866.4263
A02,04/24/2024 15:00,5177.0390,10.95,4865.786,5385.88,4716.404,5803.916,5315.985,5210.8350,866.0954
A02,04/24/2024 14:00,5177.8040,10.01,4866.429,5387.13,4717.946,5805.741,5317.62,5212.1117,865.6419
A02,04/24/2024 13:00,5178.8960,9.32,4869.007,5390.138,4719.918,5808.12,5319.786,5214.3108,864.8608
A02,04/24/2024 12:00,5179.6780,8.38,4870.291,5392.024,4721.481,5808.967,5321.57,5215.6685,864.3785
A02,04/24/2024 11:00,5180.3120,7.12,4871.248,5393.45,4723.828,5811.325,5323.256,5217.2365,863.8216
A02,04/24/2024 10:00,5182.1510,5.24,4872.563,5394.654,4726.255,5813.605,5325.128,5219.0593,863.1741
A02,04/24/2024 09:00,5183.2760,2.91,4875.457,5395.948,4726.283,5816.555,5326.546,5220.6775,862.5994
A02,04/24/2024 08:00,5183.7560,2.02,4875.95,5396.562,4727.625,5816.984,5327.608,5221.4142,862.3377
A02,04/24/2024 07:00,5184.3020,1.92,4876.158,5396.671,4727.545,5817.396,5326.871,5221.4905,862.3106
A02,04/24/2024 06:00,5184.0370,2.44,4875.758,5396.514,4727.672,5816.722,5326.341,5221.1740,862.4230
A02,04/24/2024 05:00,5183.2780,2.98,4875.749,5395.561,4727.098,5816.126,5326.153,5220.6608,862.6053
A02,04/24/2024 04:00,5182.8860,3.61,4875.234,5394.973,4726.494,5814.977,5325.398,5219.9937,862.8422
A02,04/24/2024 03:00,5182.0980,4.59,4874.681,5393.875,4726.25,5814.668,5324.768,5219.3900,863.0567
A02,04/24/2024 02:00,5181.5450,5.17,4874.524,5393.295,4725.147,5813.613,5323.805,5218.6548,863.3178
A02,04/24/2024 01:00,5181.6920,5.72,4874.291,5392.896,4724.897,5811.929,5322.925,5218.1050,863.5131
A02,04/24/2024 00:00,5180.4360,6.25,4872.497,5391.984,4724.158,5811.329,5322.151,5217.0925,863.8727
A02,04/23/2024 23:00,5179.8600,6.96,4871.808,5390.862,4723.133,5810.454,5321.693,5216.3017,864.1536
A02,04/23/2024 22:00,5178.9870,7.67,4871.146,5390.185,4723.011,5809.94,5320.31,5215.5965,864.4041
A02,04/23/2024 21:00,5178.0720,8.53,4870.354,5389.124,4721.964,5808.539,5319.231,5214.5473,864.7768
A02,04/23/2024 20:00,5177.3790,9.40,4869.362,5387.952,4721.218,5808.048,5318.129,5213.6813,865.0844
A02,04/23/2024 19:00,5177.5210,10.76,4868.213,5387.314,4719.963,5806.978,5317.685,5212.9457,865.3457
A02,04/23/2024 18:00,5177.9870,11.32,4867.9,5387.38,4719.558,5807.461,5318.534,5213.1367,865.2779
A02,04/23/2024 17:00,5177.3080,10.29,4869.399,5387.34,4719.725,5806.877,5317.071,5212.9533,865.3430
A02,04/23/2024 16:00,5176.2390,11.40,4867.503,5387.072,4719.057,5806.635,5315.841,5212.0578,865.6611
A02,04/23/2024 15:00,5175.6460,11.61,4866.77,5386.145,4717.169,5804.386,5315.435,5210.9252,866.0634
A02,04/23/2024 14:00,5173.4300,15.14,4863.31,5382.396,4714.321,5801.078,5312.252,5207.7978,867.1742
A02,04/23/2024 13:00,5174.3100,16.25,4863.097,5382.481,4714.661,5801.318,5312.831,5208.1163,867.0611
A02,04/23/2024 12:00,5176.3870,14.57,4864.844,5385.534,4717.375,5803.994,5315.673,5210.6345,866.1666
A02,04/23/2024 11:00,5178.4840,12.56,4867.042,5388.766,4719.553,5806.647,5318.457,5213.1582,865.2702
A02,04/23/2024 10:00,5179.3420,9.97,4868.652,5390.167,4721.644,5808.725,5320.903,5214.9055,864.6496
A02,04/23/2024 09:00,5180.0880,7.30,4871.212,5391.476,4721.886,5810.215,5321.384,5216.0435,864.2453
A02,04/23/2024 08:00,5179.3930,7.04,4871.471,5391.358,4722.583,5810.524,5321.673,5216.1670,864.2015
A02,04/23/2024 07:00,5180.1500,7.12,4870.88,5391.366,4722.748,5810.197,5322,5216.2235,864.1814
A02,04/23/2024 06:00,5179.2270,7.34,4870.829,5391.252,4722.435,5810.171,5321.263,5215.8628,864.3095
A02,04/23/2024 05:00,5179.4400,7.49,4871.178,5391.563,4722.62,5810.418,5321.166,5216.0642,864.2380
A02,04/23/2024 04:00,5180.0800,7.71,4870.805,5391.29,4722.267,5810.405,5321.79,5216.1062,864.2231
A02,04/23/2024 03:00,5180.0290,7.80,4871.286,5391.417,4723.154,5810.534,5320.886,5216.2177,864.1835
A02,04/23/2024 02:00,5179.1650,7.97,4870.527,5391.391,4722.392,5810.288,5320.754,5215.7528,864.3486
A02,04/23/2024 01:00,5178.8480,8.29,4870.954,5390.693,4721.965,5809.996,5320.3,5215.4593,864.4528
A02,04/23/2024 00:00,5178.2040,8.80,4870.004,5390.154,4721.71,5809.153,5319.455,5214.7800,864.6941
A02,04/22/2024 23:00,5177.6760,9.83,4869.463,5388.699,4720.975,5808.293,5318.626,5213.9553,864.9871
A02,04/22/2024 22:00,5177.5620,10.72,4868.465,5387.679,4719.405,5806.92,5317.668,5212.9498,865.3442
A02,04/22/2024 21:00,5175.6790,11.65,4867.411,5386.67,4717.935,5805.241,5315.759,5211.4492,865.8773
A02,04/22/2024 20:00,5175.1810,13.02,4866.752,5385.959,4717.476,5804.462,5315.247,5210.8462,866.0914
A02,04/22/2024 19:00,5174.3030,14.40,4865.228,5384.2,4715.778,5802.571,5313.603,5209.2805,866.6476
A02,04/22/2024 18:00,5173.5710,15.04,4863.944,5382.93,4714.616,5801.128,5312.462,5208.1085,867.0639
A02,04/22/2024 17:00,5172.8540,15.19,4863.3,5382.395,4713.562,5800.546,5311.959,5207.4360,867.3027
A02,04/22/2024 16:00,,-70.05,NAN,NAN,NAN,NAN,NAN,,
A02,04/22/2024 15:00,,-62.61,NAN,NAN,NAN,NAN,NAN,,
A02,04/22/2024 14:00,,-60.99,NAN,NAN,NAN,NAN,NAN,,
A02,04/22/2024 13:00,,-60.39,NAN,NAN,NAN,NAN,NAN,,
A02,04/22/2024 11:00,,-61.35,NAN,NAN,NAN,NAN,NAN,,
A02,04/22/2024 10:00,,-62.74,NAN,NAN,NAN,NAN,NAN,,
A02,04/22/2024 09:00,,-68.05,NAN,NAN,NAN,NAN,NAN,,
A02,04/22/2024 08:00,,-97.10,NAN,NAN,NAN,NAN,NAN,,
A02,04/22/2024 07:00,,-108.60,NAN,NAN,NAN,NAN,NAN,,
A02,04/22/2024 06:00,,-109.20,NAN,NAN,NAN,NAN,NAN,,
A02,04/22/2024 05:00,,-103.40,NAN,NAN,NAN,NAN,NAN,,
A02,04/22/2024 04:00,,-67.97,NAN,NAN,NAN,NAN,NAN,,
A02,04/22/2024 03:00,,-67.73,NAN,NAN,NAN,NAN,NAN,,
A02,04/22/2024 02:00,,-67.48,NAN,NAN,NAN,NAN,NAN,,
A02,04/22/2024 01:00,,-66.79,NAN,NAN,NAN,NAN,NAN,,
A02,04/22/2024 00:00,,-66.38,NAN,NAN,NAN,NAN,NAN,,
A02,04/21/2024 23:00,,-66.07,NAN,NAN,NAN,NAN,NAN,,
A02,04/21/2024 22:00,,-65.79,NAN,NAN,NAN,NAN,NAN,,
A02,04/21/2024 21:00,,-65.24,NAN,NAN,NAN,NAN,NAN,,
A02,04/21/2024 20:00,,-64.11,NAN,NAN,NAN,NAN,NAN,,
A02,04/21/2024 19:00,,-63.40,NAN,NAN,NAN,NAN,NAN,,
A02,04/21/2024 18:00,,-63.02,NAN,NAN,NAN,NAN,NAN,,
A02,04/21/2024 17:00,,-62.77,NAN,NAN,NAN,NAN,NAN,,
A02,04/21/2024 16:00,,-62.55,NAN,NAN,NAN,NAN,NAN,,
A02,04/21/2024 15:00,,-62.09,NAN,NAN,NAN,NAN,NAN,,
A02,04/21/2024 14:00,,-61.96,NAN,NAN,NAN,NAN,NAN,,
A02,04/21/2024 13:00,,-61.94,NAN,NAN,NAN,NAN,NAN,,
A02,04/21/2024 12:00,,-61.39,NAN,NAN,NAN,NAN,NAN,,
A02,04/21/2024 11:00,,-60.69,NAN,NAN,NAN,NAN,NAN,,
A02,04/21/2024 10:00,,-61.23,NAN,NAN,NAN,NAN,NAN,,
A02,04/21/2024 09:00,,-62.59,NAN,NAN,NAN,NAN,NAN,,
A02,04/21/2024 08:00,,-75.86,NAN,NAN,NAN,NAN,NAN,,
A02,04/21/2024 07:00,,-104.90,NAN,NAN,NAN,NAN,NAN,,
A02,04/21/2024 06:00,,-67.87,NAN,NAN,NAN,NAN,NAN,,
A02,04/21/2024 05:00,,-66.62,NAN,NAN,NAN,NAN,NAN,,
A02,04/21/2024 04:00,,-66.38,NAN,NAN,NAN,NAN,NAN,,
A02,04/21/2024 03:00,,-66.22,NAN,NAN,NAN,NAN,NAN,,
A02,04/21/2024 02:00,,-66.23,NAN,NAN,NAN,NAN,NAN,,
A02,04/21/2024 01:00,,-66.20,NAN,NAN,NAN,NAN,NAN,,
A02,04/21/2024 00:00,,-66.04,NAN,NAN,NAN,NAN,NAN,,
A02,04/20/2024 23:00,,-65.85,NAN,NAN,NAN,NAN,NAN,,
A02,04/20/2024 22:00,,-65.61,NAN,NAN,NAN,NAN,NAN,,
A02,04/20/2024 21:00,,-65.21,NAN,NAN,NAN,NAN,NAN,,
A02,04/20/2024 20:00,,-65.07,NAN,NAN,NAN,NAN,NAN,,
A02,04/20/2024 19:00,,-64.97,NAN,NAN,NAN,NAN,NAN,,
A02,04/20/2024 17:00,,-64.50,NAN,NAN,NAN,NAN,NAN,,
A02,04/20/2024 16:00,,-64.02,NAN,NAN,NAN,NAN,NAN,,
A02,04/20/2024 15:00,,-63.68,NAN,NAN,NAN,NAN,NAN,,
A02,04/20/2024 14:00,,-63.72,NAN,NAN,NAN,NAN,NAN,,
A02,04/20/2024 13:00,,-63.57,NAN,NAN,NAN,NAN,NAN,,
A02,04/20/2024 12:00,,-63.77,NAN,NAN,NAN,NAN,NAN,,
A02,04/20/2024 11:00,,-63.96,NAN,NAN,NAN,NAN,NAN,,
A02,04/20/2024 10:00,,-64.57,NAN,NAN,NAN,NAN,NAN,,
A02,04/20/2024 09:00,,-64.58,NAN,NAN,NAN,NAN,NAN,,
A02,04/20/2024 08:00,,-64.37,NAN,NAN,NAN,NAN,NAN,,
A02,04/20/2024 07:00,,-64.38,NAN,NAN,NAN,NAN,NAN,,
A02,04/20/2024 06:00,,-64.51,NAN,NAN,NAN,NAN,NAN,,
A02,04/20/2024 05:00,,-64.35,NAN,NAN,NAN,NAN,NAN,,
A02,04/20/2024 04:00,,-63.88,NAN,NAN,NAN,NAN,NAN,,
A02,04/20/2024 03:00,,-63.73,NAN,NAN,NAN,NAN,NAN,,
A02,04/20/2024 02:00,,-63.60,NAN,NAN,NAN,NAN,NAN,,
A02,04/20/2024 01:00,,-63.42,NAN,NAN,NAN,NAN,NAN,,
A02,04/20/2024 00:00,,-63.18,NAN,NAN,NAN,NAN,NAN,,
A02,04/19/2024 23:00,,-62.90,NAN,NAN,NAN,NAN,NAN,,
A02,04/19/2024 22:00,,-62.60,NAN,NAN,NAN,NAN,NAN,,
A02,04/19/2024 21:00,,-62.16,NAN,NAN,NAN,NAN,NAN,,
A02,04/19/2024 20:00,,-61.68,NAN,NAN,NAN,NAN,NAN,,
A02,04/19/2024 19:00,,-61.15,NAN,NAN,NAN,NAN,NAN,,
A02,04/19/2024 18:00,,-60.16,NAN,NAN,NAN,NAN,NAN,,
A02,04/19/2024 17:00,,-59.10,NAN,NAN,NAN,NAN,NAN,,
A02,04/19/2024 16:00,,-58.17,NAN,NAN,NAN,NAN,NAN,,
A02,04/19/2024 15:00,,-58.29,NAN,NAN,NAN,NAN,NAN,,
A02,04/19/2024 14:00,,-58.18,NAN,NAN,NAN,NAN,NAN,,
A02,04/19/2024 13:00,,-57.59,NAN,NAN,NAN,NAN,NAN,,
A02,04/19/2024 12:00,,-57.06,NAN,NAN,NAN,NAN,NAN,,
A02,04/19/2024 11:00,,-56.72,NAN,NAN,NAN,NAN,NAN,,
A02,04/19/2024 10:00,,-56.51,NAN,NAN,NAN,NAN,NAN,,
A02,04/19/2024 09:00,,-57.37,NAN,NAN,NAN,NAN,NAN,,
A02,04/19/2024 08:00,,-57.60,NAN,NAN,NAN,NAN,NAN,,
A02,04/19/2024 07:00,,-57.53,NAN,NAN,NAN,NAN,NAN,,
A02,04/19/2024 06:00,,-57.25,NAN,NAN,NAN,NAN,NAN,,
A02,04/19/2024 05:00,,-57.07,NAN,NAN,NAN,NAN,NAN,,
A02,04/19/2024 04:00,,-57.02,NAN,NAN,NAN,NAN,NAN,,
A02,04/19/2024 03:00,,-63.83,NAN,NAN,NAN,NAN,NAN,,
A02,04/19/2024 02:00,,-63.27,NAN,NAN,NAN,NAN,NAN,,
A02,04/19/2024 01:00,,-62.43,NAN,NAN,NAN,NAN,NAN,,
A02,04/19/2024 00:00,,-61.73,NAN,NAN,NAN,NAN,NAN,,
A02,04/18/2024 23:00,,-61.18,NAN,NAN,NAN,NAN,NAN,,
A02,04/18/2024 22:00,,-60.65,NAN,NAN,NAN,NAN,NAN,,
A02,04/18/2024 21:00,,-60.05,NAN,NAN,NAN,NAN,NAN,,
A02,04/18/2024 20:00,,-59.17,NAN,NAN,NAN,NAN,NAN,,
A02,04/18/2024 19:00,,-57.94,NAN,NAN,NAN,NAN,NAN,,
A02,04/18/2024 18:00,,-57.30,NAN,NAN,NAN,NAN,NAN,,
A02,04/18/2024 17:00,,-55.86,NAN,NAN,NAN,NAN,NAN,,
A02,04/18/2024 16:00,,-55.94,NAN,NAN,NAN,NAN,NAN,,
A02,04/18/2024 15:00,,-55.89,NAN,NAN,NAN,NAN,NAN,,
A02,04/18/2024 14:00,,-56.92,NAN,NAN,NAN,NAN,NAN,,
A02,04/18/2024 13:00,,-58.14,NAN,NAN,NAN,NAN,NAN,,
A02,04/18/2024 12:00,,-58.44,NAN,NAN,NAN,NAN,NAN,,
A02,04/18/2024 11:00,,-67.52,NAN,NAN,NAN,NAN,NAN,,
A02,04/18/2024 10:00,,-66.46,NAN,NAN,NAN,NAN,NAN,,
A02,04/18/2024 09:00,,-66.27,NAN,NAN,NAN,NAN,NAN,,
A02,04/18/2024 08:00,,-66.01,NAN,NAN,NAN,NAN,NAN,,
A02,04/18/2024 07:00,,-66.27,NAN,NAN,NAN,NAN,NAN,,
A02,04/18/2024 06:00,,-66.64,NAN,NAN,NAN,NAN,NAN,,
A02,04/18/2024 05:00,,-67.69,NAN,NAN,NAN,NAN,NAN,,
A02,04/18/2024 04:00,,-64.27,NAN,NAN,NAN,NAN,NAN,,
A02,04/18/2024 03:00,,-63.97,NAN,NAN,NAN,NAN,NAN,,
A02,04/18/2024 02:00,,-63.33,NAN,NAN,NAN,NAN,NAN,,
A02,04/18/2024 01:00,,-62.36,NAN,NAN,NAN,NAN,NAN,,
A02,04/18/2024 00:00,,-60.60,NAN,NAN,NAN,NAN,NAN,,
A02,04/17/2024 23:00,,-60.06,NAN,NAN,NAN,NAN,NAN,,
A02,04/17/2024 22:00,,-61.41,NAN,NAN,NAN,NAN,NAN,,
A02,04/17/2024 21:00,,-59.23,NAN,NAN,NAN,NAN,NAN,,
A02,04/17/2024 20:00,,-53.32,NAN,NAN,NAN,NAN,NAN,,
A02,04/17/2024 19:00,,-50.81,NAN,NAN,NAN,NAN,NAN,,
A02,04/17/2024 18:38,,-63.91,NAN,NAN,NAN,NAN,NAN,,
A02,04/17/2024 18:00,,-62.36,NAN,NAN,NAN,NAN,NAN,,
A02,04/17/2024 17:00,,-62.81,NAN,NAN,NAN,NAN,NAN,,
A02,04/17/2024 16:00,,-63.46,NAN,NAN,NAN,NAN,NAN,,
A02,04/17/2024 15:00,,-61.41,NAN,NAN,NAN,NAN,NAN,,
A02,04/17/2024 14:00,,-62.54,NAN,NAN,NAN,NAN,NAN,,
A02,04/17/2024 13:00,,-62.94,NAN,NAN,NAN,NAN,NAN,,
A02,04/17/2024 12:00,,-64.18,NAN,NAN,NAN,NAN,NAN,,
A02,04/17/2024 11:00,,-67.78,NAN,NAN,NAN,NAN,NAN,,
A02,04/17/2024 10:00,,-139.70,NAN,NAN,NAN,NAN,NAN,,
A02,04/17/2024 09:00,,-138.60,NAN,NAN,NAN,NAN,NAN,,
A02,04/17/2024 08:00,,-140.90,NAN,NAN,NAN,NAN,NAN,,
A02,04/17/2024 07:00,,-141.40,NAN,NAN,NAN,NAN,NAN,,
A02,04/17/2024 06:00,,-140.80,NAN,NAN,NAN,NAN,NAN,,
A02,04/17/2024 05:00,,-144.60,NAN,NAN,NAN,NAN,NAN,,
A02,04/17/2024 04:00,,-146.50,NAN,NAN,NAN,NAN,NAN,,
A02,04/17/2024 03:00,,-148.70,NAN,NAN,NAN,NAN,NAN,,
A02,04/17/2024 02:00,,-145.90,NAN,NAN,NAN,NAN,NAN,,
A02,04/17/2024 01:00,,-144.90,NAN,NAN,NAN,NAN,NAN,,
A02,04/17/2024 00:00,,-143.80,NAN,NAN,NAN,NAN,NAN,,
A02,04/16/2024 23:00,,-145.30,NAN,NAN,NAN,NAN,NAN,,
A02,04/16/2024 22:00,,-147.30,NAN,NAN,NAN,NAN,NAN,,
A02,04/16/2024 21:00,,-151.20,NAN,NAN,NAN,NAN,NAN,,
A02,04/16/2024 20:00,,-143.50,NAN,NAN,NAN,NAN,NAN,,
A02,04/16/2024 19:00,,-139.50,NAN,NAN,NAN,NAN,NAN,,
A02,04/16/2024 18:01,,-150.20,NAN,NAN,NAN,NAN,NAN,,
